31
cinnamoyl_coa_reductase_Arabidopsis_thaliana            0.0000000 0.3693724 2.2991622 2.2304177 2.0498037 1.9632007 2.0795084 1.9449110 1.9995029 2.0248482 2.0130351 2.0235744 2.0078618 2.0585593 2.0004415 1.9937076 1.6774025 1.8416881 2.0953402 2.1383424 2.1317681 2.1898583 2.1798037 2.1912681 2.0793732 2.1134953 2.0169635 1.9435895 1.9683628 2.1175503 2.0969836 
cinnamoyl_coa_reductase_Glycine_max                     0.3693724 0.0000000 2.1257589 2.1950440 2.0661871 1.9169660 2.1644910 2.0257328 2.0833644 2.1090023 2.1027156 2.1161092 2.0484469 1.9895725 2.0300066 1.9791190 1.7065868 1.7637459 2.0547698 2.0879845 2.1562406 2.1394064 2.1240951 2.1186454 2.0848018 2.0142877 1.9622302 1.9173854 1.9467272 2.0644076 2.0944886 
ANR_Glycine_max                                         2.2991622 2.1257589 0.0000000 0.6984978 1.5960075 1.6603859 1.6368269 1.5426581 1.5979413 1.6022636 1.5936745 1.5918495 1.6408523 1.6545198 1.5329629 1.5818258 1.3430754 1.3755201 1.8430225 1.5588942 1.7759206 1.7611334 1.7355528 1.7531326 1.6824268 1.7154046 1.6175689 1.5446690 1.5829355 1.6803700 1.7154236 
ANR_Arabidopsis_thaliana                                2.2304177 2.1950440 0.6984978 0.0000000 1.6831783 1.7018632 1.7328102 1.7212476 1.7292441 1.7618105 1.7781593 1.7835829 1.7558476 1.6884029 1.7004605 1.6459955 1.5864703 1.5893676 1.8869172 1.7722793 1.9675396 1.9289470 1.9569609 1.9714950 1.8920729 1.7505752 1.7167855 1.7535885 1.7993731 1.7671326 1.7413404 
DFR_Orobanche_gracilis                                  2.0498037 2.0661871 1.5960075 1.6831783 0.0000000 0.0859546 0.2818949 0.2822345 0.2847176 0.2753223 0.2814074 0.2945229 0.2400727 0.1787137 0.1997468 0.2368885 0.6415646 0.6760810 1.6514478 1.3835096 1.3713988 1.3460080 1.3373986 1.3388669 1.4530366 1.4022853 1.3460817 1.3607650 1.3851324 1.3015485 1.3323269 
DFR_Orobanche_minor                                     1.9632007 1.9169660 1.6603859 1.7018632 0.0859546 0.0000000 0.2571884 0.2869234 0.2893508 0.2800613 0.2947578 0.2994309 0.2306276 0.1528217 0.1672897 0.2093988 0.6222762 0.6444037 1.5506622 1.2827999 1.3474842 1.2933002 1.2846969 1.2862785 1.3802327 1.2914085 1.2881217 1.3016737 1.3232244 1.2424044 1.2866096 
DFR_Perilla_frutescens_var_hirtella                     2.0795084 2.1644910 1.6368269 1.7328102 0.2818949 0.2571884 0.0000000 0.2895336 0.2988569 0.2802681 0.2964018 0.2998511 0.2613619 0.2114046 0.2135766 0.2513631 0.5672530 0.6240169 1.5878293 1.3290356 1.3901375 1.3413032 1.3363107 1.3557194 1.4257170 1.3476355 1.3447024 1.3947529 1.4111008 1.3366854 1.3848438 
DFR_Penstemon_davidsonii                                1.9449110 2.0257328 1.5426581 1.7212476 0.2822345 0.2869234 0.2895336 0.0000000 0.0290046 0.0224458 0.0259010 0.0292127 0.2114035 0.2081256 0.1789288 0.2163796 0.5020408 0.5900821 1.4825385 1.2720879 1.2846155 1.2539714 1.2370531 1.2519531 1.2748293 1.2326214 1.1848254 1.2398535 1.2640717 1.1747878 1.2163676 
DFR_Penstemon_barbatus                                  1.9995029 2.0833644 1.5979413 1.7292441 0.2847176 0.2893508 0.2988569 0.0290046 0.0000000 0.0190426 0.0224294 0.0256965 0.2129413 0.2077691 0.1791516 0.2159997 0.5134780 0.5940922 1.4929482 1.2556641 1.3140939 1.2791867 1.2610253 1.2763090 1.2605457 1.2346074 1.1853404 1.2596893 1.2841375 1.1662344 1.2077976 
DFR_Penstemon_smallii                                   2.0248482 2.1090023 1.6022636 1.7618105 0.2753223 0.2800613 0.2802681 0.0224458 0.0190426 0.0000000 0.0159417 0.0191757 0.2023587 0.1993268 0.1708705 0.2074048 0.5172489 0.5932684 1.5071151 1.2700702 1.2840386 1.2499080 1.2320069 1.2468555 1.2720301 1.2325966 1.1926196 1.2712447 1.2959057 1.1736140 1.2152570 
DFR_Penstemon_eatonii                                   2.0130351 2.1027156 1.5936745 1.7781593 0.2814074 0.2947578 0.2964018 0.0259010 0.0224294 0.0159417 0.0000000 0.0159804 0.2132151 0.2133757 0.1844905 0.2204446 0.5219216 0.5885709 1.4758729 1.2416642 1.2631504 1.2294992 1.2117518 1.2263254 1.2307951 1.2125572 1.1885927 1.2369921 1.2611981 1.1538580 1.1950257 
DFR_Penstemon_neomexicanus                              2.0235744 2.1161092 1.5918495 1.7835829 0.2945229 0.2994309 0.2998511 0.0292127 0.0256965 0.0191757 0.0159804 0.0000000 0.2173552 0.2160708 0.1869654 0.2245422 0.5271046 0.6000702 1.5169802 1.2775455 1.2973312 1.2626502 1.2445252 1.2596542 1.2713838 1.2449847 1.2204394 1.2774376 1.2849532 1.1854022 1.2276387 
DFR_Buddleja_alternifolia                               2.0078618 2.0484469 1.6408523 1.7558476 0.2400727 0.2306276 0.2613619 0.2114035 0.2129413 0.2023587 0.2132151 0.2173552 0.0000000 0.1542589 0.1381952 0.1839376 0.4883663 0.6354978 1.5512789 1.2993530 1.3478215 1.3125594 1.2994775 1.3140816 1.3390103 1.2879295 1.2211792 1.3080592 1.3208173 1.2073393 1.2513515 
DFR_Rehmannia_glutinosa                                 2.0585593 1.9895725 1.6545198 1.6884029 0.1787137 0.1528217 0.2114046 0.2081256 0.2077691 0.1993268 0.2133757 0.2160708 0.1542589 0.0000000 0.1071685 0.1566050 0.5865541 0.6002483 1.5738208 1.3139279 1.3364991 1.3016846 1.2930201 1.3031120 1.3220779 1.2254917 1.2756728 1.3014793 1.3340021 1.2390381 1.2527775 
DFR_Paulownia_fortunei                                  2.0004415 2.0300066 1.5329629 1.7004605 0.1997468 0.1672897 0.2135766 0.1789288 0.1791516 0.1708705 0.1844905 0.1869654 0.1381952 0.1071685 0.0000000 0.1145727 0.5230592 0.6295989 1.5237399 1.2719423 1.3097091 1.2685943 1.2654516 1.2765529 1.3259508 1.2568680 1.2400256 1.2762405 1.3041662 1.2139551 1.2539928 
DFR_Sesamum_alatum                                      1.9937076 1.9791190 1.5818258 1.6459955 0.2368885 0.2093988 0.2513631 0.2163796 0.2159997 0.2074048 0.2204446 0.2245422 0.1839376 0.1566050 0.1145727 0.0000000 0.5647551 0.6281555 1.4985785 1.2517008 1.3116292 1.2673570 1.2575217 1.2685208 1.3162905 1.2352475 1.2211940 1.2235593 1.2442224 1.1744449 1.2134860 
DFR_Glycine_max                                         1.6774025 1.7065868 1.3430754 1.5864703 0.6415646 0.6222762 0.5672530 0.5020408 0.5134780 0.5172489 0.5219216 0.5271046 0.4883663 0.5865541 0.5230592 0.5647551 0.0000000 0.5524450 1.4078072 1.2294794 1.1721037 1.1829423 1.1637287 1.1736470 1.2093738 1.1730804 1.1133321 1.1567426 1.1570920 1.1236251 1.1471195 
DFR_Arabidopsis_thaliana                                1.8416881 1.7637459 1.3755201 1.5893676 0.6760810 0.6444037 0.6240169 0.5900821 0.5940922 0.5932684 0.5885709 0.6000702 0.6354978 0.6002483 0.6295989 0.6281555 0.5524450 0.0000000 1.3934606 1.2354723 1.3208857 1.3332054 1.3098865 1.3393393 1.2459696 1.3087158 1.2226825 1.1990757 1.2055572 1.1695142 1.1646753 
NADP-binding_Rossmann-fold_top_hit_Arabidopsis_thaliana 2.0953402 2.0547698 1.8430225 1.8869172 1.6514478 1.5506622 1.5878293 1.4825385 1.4929482 1.5071151 1.4758729 1.5169802 1.5512789 1.5738208 1.5237399 1.4985785 1.4078072 1.3934606 0.0000000 0.5942019 0.6195799 0.5997532 0.6014255 0.6066022 0.6740928 0.5694771 0.6130269 0.6287860 0.6349269 0.6417614 0.6163898 
putative_anthocyanidin_reductase_top_hit_Glycine_max    2.1383424 2.0879845 1.5588942 1.7722793 1.3835096 1.2827999 1.3290356 1.2720879 1.2556641 1.2700702 1.2416642 1.2775455 1.2993530 1.3139279 1.2719423 1.2517008 1.2294794 1.2354723 0.5942019 0.0000000 0.5289331 0.5134546 0.5176183 0.5129214 0.5624294 0.4952940 0.4774534 0.5401531 0.5579901 0.4913753 0.4949621 
CANDIDATE_GENE_Penstemon_davidsonii                     2.1317681 2.1562406 1.7759206 1.9675396 1.3713988 1.3474842 1.3901375 1.2846155 1.3140939 1.2840386 1.2631504 1.2973312 1.3478215 1.3364991 1.3097091 1.3116292 1.1721037 1.3208857 0.6195799 0.5289331 0.0000000 0.0610442 0.0582209 0.0590013 0.3576037 0.2987992 0.3168813 0.3093338 0.3031268 0.2501556 0.2674718 
CANDIDATE_GENE_Penstemon_smallii                        2.1898583 2.1394064 1.7611334 1.9289470 1.3460080 1.2933002 1.3413032 1.2539714 1.2791867 1.2499080 1.2294992 1.2626502 1.3125594 1.3016846 1.2685943 1.2673570 1.1829423 1.3332054 0.5997532 0.5134546 0.0610442 0.0000000 0.0337647 0.0372814 0.3545852 0.2943166 0.3102313 0.3076177 0.3014552 0.2475293 0.2629370 
CANDIDATE_GENE_Penstemon_eatonii                        2.1798037 2.1240951 1.7355528 1.9569609 1.3373986 1.2846969 1.3363107 1.2370531 1.2610253 1.2320069 1.2117518 1.2445252 1.2994775 1.2930201 1.2654516 1.2575217 1.1637287 1.3098865 0.6014255 0.5176183 0.0582209 0.0337647 0.0000000 0.0098712 0.3464905 0.2913261 0.3100286 0.3074902 0.3013719 0.2478589 0.2631447 
CANDIDATE_GENE_Penstemon_barbatus                       2.1912681 2.1186454 1.7531326 1.9714950 1.3388669 1.2862785 1.3557194 1.2519531 1.2763090 1.2468555 1.2263254 1.2596542 1.3140816 1.3031120 1.2765529 1.2685208 1.1736470 1.3393393 0.6066022 0.5129214 0.0590013 0.0372814 0.0098712 0.0000000 0.3578238 0.2950010 0.3169664 0.3184311 0.3122029 0.2578596 0.2734519 
CANDIDATE_GENE_Perilla_frutescens_var_hirtella          2.0793732 2.0848018 1.6824268 1.8920729 1.4530366 1.3802327 1.4257170 1.2748293 1.2605457 1.2720301 1.2307951 1.2713838 1.3390103 1.3220779 1.3259508 1.3162905 1.2093738 1.2459696 0.6740928 0.5624294 0.3576037 0.3545852 0.3464905 0.3578238 0.0000000 0.2943597 0.2908766 0.2877913 0.2962170 0.2365130 0.2607250 
CANDIDATE_GENE_Buddleja_alternifolia                    2.1134953 2.0142877 1.7154046 1.7505752 1.4022853 1.2914085 1.3476355 1.2326214 1.2346074 1.2325966 1.2125572 1.2449847 1.2879295 1.2254917 1.2568680 1.2352475 1.1730804 1.3087158 0.5694771 0.4952940 0.2987992 0.2943166 0.2913261 0.2950010 0.2943597 0.0000000 0.2547361 0.2757893 0.2675229 0.2029080 0.1875395 
CANDIDATE_GENE_Sesamum_alatum                           2.0169635 1.9622302 1.6175689 1.7167855 1.3460817 1.2881217 1.3447024 1.1848254 1.1853404 1.1926196 1.1885927 1.2204394 1.2211792 1.2756728 1.2400256 1.2211940 1.1133321 1.2226825 0.6130269 0.4774534 0.3168813 0.3102313 0.3100286 0.3169664 0.2908766 0.2547361 0.0000000 0.2233833 0.2194361 0.1489548 0.1794886 
CANDIDATE_GENE_Orobanche_gracilis                       1.9435895 1.9173854 1.5446690 1.7535885 1.3607650 1.3016737 1.3947529 1.2398535 1.2596893 1.2712447 1.2369921 1.2774376 1.3080592 1.3014793 1.2762405 1.2235593 1.1567426 1.1990757 0.6287860 0.5401531 0.3093338 0.3076177 0.3074902 0.3184311 0.2877913 0.2757893 0.2233833 0.0000000 0.0298177 0.1397804 0.1745172 
CANDIDATE_GENE_Orobanche_minor                          1.9683628 1.9467272 1.5829355 1.7993731 1.3851324 1.3232244 1.4111008 1.2640717 1.2841375 1.2959057 1.2611981 1.2849532 1.3208173 1.3340021 1.3041662 1.2442224 1.1570920 1.2055572 0.6349269 0.5579901 0.3031268 0.3014552 0.3013719 0.3122029 0.2962170 0.2675229 0.2194361 0.0298177 0.0000000 0.1401023 0.1710092 
CANDIDATE_GENE_Paulownia_fortunei                       2.1175503 2.0644076 1.6803700 1.7671326 1.3015485 1.2424044 1.3366854 1.1747878 1.1662344 1.1736140 1.1538580 1.1854022 1.2073393 1.2390381 1.2139551 1.1744449 1.1236251 1.1695142 0.6417614 0.4913753 0.2501556 0.2475293 0.2478589 0.2578596 0.2365130 0.2029080 0.1489548 0.1397804 0.1401023 0.0000000 0.0912732 
CANDIDATE_GENE_Rehmannia_glutinosa                      2.0969836 2.0944886 1.7154236 1.7413404 1.3323269 1.2866096 1.3848438 1.2163676 1.2077976 1.2152570 1.1950257 1.2276387 1.2513515 1.2527775 1.2539928 1.2134860 1.1471195 1.1646753 0.6163898 0.4949621 0.2674718 0.2629370 0.2631447 0.2734519 0.2607250 0.1875395 0.1794886 0.1745172 0.1710092 0.0912732 0.0000000 
